22
21
63
248
59
1347
28
1320
500
749
30
26
65
12
919
210
16
344
18
135
53
828
36
19
70
29
72
142
214
39
11
27
25
7082
3422
79
210
18
22
109
511
1276
779
12
497
76
588
224
11700
229
3855
2038
27
224
60
159
19
16
13
71
199
29
28
143
675
38628
29
470
227
53
77
55
258
33
84
317
184
46
18
106
273
87
2019
10677
240
164
80
212
34
582
2730
234
20
1376
119
186
81
56
43
1017
662
295
617
60
531
54
862
163
454
74
49
13912
84
92
14
26
22
227
44
105
39
30
61
109
2452
62
2986
600
58
306
18276
43
192
1048
11
400
49
128
551
23
15
65
145
17
39
375
125
326
2184
38
266
448
526
3730
37
88
3120
116
58
16
165
138
138
1326
178
11
132
67
320
108
76
250
1743
52
92
103
24
904
3087
28
508
8
1748
141
80
161
98
8545
57
7200
3840
56
244
5537
271
33
49
5064
24
127
59
496
279
2068
3711
48
89
12080
134
358
41
109
570
25
27
17
82
206
137
264
713
473
135
71
47
203
100
286
135
361
4786
147
78
9456
5600
30
27
37
94
592
316
24
59
459
70
207
72
17808
354
374
303
60
401
378
11380
335
200
6932
814
73
1495
122
190
9784
53
846
348
361
46
1476
247
30
156
47
71
5144
14
13
14
41
15
11
14
18
146
694
21
70
27
39715
98
5543
1779
2022
87
663
32
59
98
33
33
38
36
48
34
33
40
53
51
51
34
38
78
348
66
77
298
884
26
9200
216
21
75
34
4555
77
15268
47
1035
98
29
1288
15
75
225
144
1494
2628
2316
95
48
380
4208
21
54
46
162
33
519
10
148
70
74
29
35
142
133
13
12
21
12
20
195
65
23
1855
22
36
9135
46
129
71
147
55
71
291
4420
352
252
47
539
47
61
74
33
28
83
27
135
948
259
4442
1030
50
96
260
360
154
193
29
3250
1295
81
774
280
242
330
37
616
1383
407
259
124
56
522
87
3243
784
80
61
51
45
84
41
29
65
43
12000
10
118
15
21
33
199
136
25
86
464
166
5018
2645
366
574
682
129
30
13
29
14
31
90
7347
5216
747
3230
23
18
28
29
30
28
20
23
77
37
77
23
26
27
28
21
24
27
25
25
21
30
23
26
24
24
25
27
26
28
6
25
33
21
28
25
25
54
26
204
23
21
193
1461
99
22275
38007
111
368
418
294
334
370
426
1434
1303
892
82
35
134
78
76
224
1540
48
3264
168
1520
744
348
206
208
198
25
259
21
42
39
2574
1228
12655
772
1258
37
109
64
400
51
54
13
232
3399
30
500
1683
318
342
1482
608
2015
189
2642
6456
163
16
732
35
55
2670
74
128
5634
483
28
246
564
18
30
44
58
15
139
364
185
1025
184
69
165
173
36
53
93
17
112
1580
475
1080
1182
102
628
45
1263
838
612
739
738
15
18
144
538
95
197
22
40
19
28
432
21
64
104
18441
580
216
4887
76
118
46
286
341
1485
20934
46
1472
63
5200
26
1101
78
284
36
40
27
11
107
98
311
104
429
324
44820
823
126
348
87
65
135
141
50120
11913
11970
28
76
597
66
7342
168
13
20820
52
196
417
55
462
502
101
264
38
92
181
29480
1830
3684
17
552
1944
640
356
47
543
1166
176
1463
37
222
275
20034
17375
58
47
122
210
277
100
10668
46
35
880
762
1193
221
1891
259
60
184
100
2872
146
33
41
137
324
158
204
329
90
140
40
62
55
27
55
222
740
1064
17
50
30
67
160
43
30
54
102
30
104
6615
14
57
184
1442
19
40
26412
24
40
92
233
76
520
24
7
49
90
2124
1560
11
28
22
30
149
13
211
44
182
2128
134
2232
100
79
184
790
492
1194
127
47
39
23
11
41
418
440
93
16
36862
38
41
54
94
240
89
24
260
86
218
402
11
88704
81
6546
21
11
11
13
64
456
35
79
9108
611
4450
802
1232
76
2718
304
72
843
44
420
524
93
14
1760
315
110
162
1300
72
79
20
2092
125
694
501
30
30
739
19
70
1932
18
992
708
64
196
2236
66
2898
228
211
8332
570
32
315
45
64
123
2256
31
94
29
1904
1137
195
1982
35
85
108
580
160
115
113
1218
220
344
3768
452
138
31
56
69
61
5071
129
52
98
759
55
324
63
255
450
94
87
840
143
2528
26
98
6980
71
177
500
2064
39
14385
61
329
41
602
4088
54
70
14196
35
76
284
132
231175
914560
1089825
162
370
19
28
66
26
146
26
52
2012
50
6116
43
18784
119
34380
534
570
1576
42
70
67
21
28
243
264
138
14
16
94
5985
2399
403
2781
68
63
230
1096
3064
15380
198
17
30
12
41
34
119
13
16
22
15
43
29
58
9
47
132
131
98
240
128
71
982
232
20
182
76
2072
51
79
44
2470
43
42
238
112
180
58
44
334
55
258
13
41
14
171
43
134
132
25
14
206
91
34
86
29
364
90
41
206
66
432
122
152
207
59
46
10704
23
39
3168
4830
163
123
95
66
47
94
141
69
114
49
2740
199
130
6304
616
6770
100
22
22
29
18
841
109
68
20
320
50
39
24
20
31
28
19
129
22
19
48
125
10768
432
1167
776
112
17
18
20
42
164
33
682
72
14
72
2421
20
530
70
499
256
16
47
16387
210
694
1720
4647
152
25
1164
1574
15
57
474
69
171
90
528
918
141
6488
46
23
1440
772
35
48
12
357
86
170
23
322
45
40
884
96
250
72
626
139
59
64
2340
28
1226
69
1795
187
120
19
87
210
452
1798
1908
1310
140
158
190
48328
29
141
128
39
41
61
315
36
47
1928
94
50
859
41
67
115
273
373
32
36
978
116
36
60
101
123
199
224
134
118
1764
81
12
19
18
61
32
140
104
150
64
73
105
37
699
1060
168
18
13
14
1301
33
484
404
41
1135
2416
48
274
192
554
442
518
942
498
116
5968
119
51
508
1608
2140
23640
26
24
6672
50
600
1998
85
64
32
124
97
832
285
17
31
139
18124
284
8
72
134
36
440
115
240
108
29
12
38
1776
37
30
22
11
67
120
48
442
27
108
138
343
68
19
3017
23
73
28
42
137
54
51
2134
4417
580
106
3444
35
68
726
228
29136
125
10
78
670
873
774
58
132
132
62
53
140
122
132
67
131
62
68
177
135
66
126
146
777
80
1494
14
73
63
18
186
115
37
440
44
489
148
56
456
322
544
34
125
146
15
47
338
33
42
71
146
158
1700
1398
17
19
56
512
28
88
62
29
216
28
94
70
105
374
12
1800
126
45
4224
648
115
52
68
35
146
19
51
12
29
13
93
54
17
17
14
13
50
39
10
51
22
17
22
27
13
1188
11
19
29
23
12
77
828
15
39
10
11
17
24
19
11
13
9
11
23
28
13
2255
218
33
28
48
21
51
13
56
6093
55
4292
16
21600
64
34
56
127
115
31
4098
8500
150
345
8
16
12
226
13325
38192
3931
33
23
29
38
1374
1863
84
113
74
340
21
22
115
843
3360
18
177
150
33
1475
56
31
3759
18
210
193
37
243
76
1552
1338
1056
197
804
44
46
33
28
1624
72
29
854
22
164
46
234
129
159
4494
97
50
6867
147
695
625
530
212
2754
82
70
2607
19200
53
43
75
23
31
74
140
350
81
900
25
348
71
380
10
63
173
50
2256
22
720
203
1991
64
23
33
24
6810
13
35800
118
18
4348
1518
225
406
13
103
639
3474
225
31
8864
15596
1504
840
333
872
892
3376
1192
2328
356
972
147
40
1736
231
3276
86
64
133
1040
24
29
54
23
86
66
34
17
14
13
340
1125
56
147
2555
74
18
29
59
554
694
86
322
78
2028
390
244
966
1790
210
734
280
72
15
27
28
5112
22
362
1336
22
22
23
242
2628
27
182
35
576
234
3978
388
1264
37
117
61
45
43
101
534
1776
28
856
58
16
59
268
480
316
17
306
51
256
151
708
18
3268
364
672
23
98
2152
79
44
262
546
44
1045
54
16
3480
50
405
25
25
38
21
9145
5646
85
2700
4770
119
43
1328
414
64
160
912
1092
28656
3952
48
36
40
784
106
387
118
31
19
560
23
34
147
74
328
568
32
984
267
1704
53
106
128
7305
65
80
231
12
17
70
62
599
714
354
888
25
96
15
15
15
16
12
137
79
139
16
42
13932
44
245
491
24
37
29
165
238
28
2928
671
196
68
56
74
33
2295
211
11
40
3569
1634
30
294
671
311
15
30
24
44
106
146
268
384
531
776
74
65238
326
80
1904
5
20448
5332
13
322
363
222
52
684
52
43
21
59
8
160
1476
454
265
136
136
2452
36
81
680
867
226
53
354
39
97
86
29
543
4868
915
56
33326
43
59
894
12504
59
78
10
25
77
34
12
17580
22
1578
2094
42
745
909
62
33
6
21
13
14
498
26
13
84
13
40
57
12
62
33
61
1046
52
88
36
736
1043
67
58
513
384
13
61
87
333
2073
12270
25146
210
9321
666
2338
1242
68
124
54
154
25
78
18
149
26
203
57
46
438
274
1086
669
48
86
67
65
508
307
207
241
70
387
1100
876
30
1745
540
24
15
42
94
124
116
39
100
1950
69
47
21
286
1700
19
18
13
200
31
132
2122
137280
54
74
14571
21261
22610
265
5775
16
281
38
32
242
24
39
39
17
975
62
27
20
3018
276
816
432
420
132
74
40
16
275
1966
1624
165
76
39
9255
30
86
23
124
29
68
89
2066
20
39
68
17
198
46
175
28
165
39414
101
142
64
67
40
86
1328
364
128
90
14
21
160
29
25
24
507
1045
132
36
29
774
92
980
2423
1232
42
15
3224
1440
39
65
60
406
24
17
85
120
38
25
40
77
29
130
64
222
13
214
22
24
58
63
104
68
145
56
1105
1542
36
396
432
217
806
320
11
11
37
501
38
12816
27
3684
1214
86
200
195
12
45
94
143
66
179
53
973
632
359
55
60
93
191
11
276
940
144
22
13
864
67
28
10
169
96
54
44
38
118
15
18
11
72
16
78
15
146
84
68
18
101
57
36
138
82
14
26
72
53
40
15
12
67
46
49
255
22
12368
244
71
588
174
48
178
316
3640
196
6754
889
40
564
64
32
12
11
21
72
179
16
14
74
218
76
74
12
78
82
37
23
80
276
29
57
1224
15
20
49
284
30
54
30
1317
3732
15
39
384
80
1290
48
102527
693
84
34
51
892
267
156
1090
112
27
11
1765
92
18
6370
21
59
246
35
23
44
348
1572
57
26
30
37
33
60
643
966
38
490
85
20
120
77
53
294
303
140
16
27
92
41
45
29
23
108
41
288
26
41
31
48
26
40
50
42
55
24
41
48
42
912
17
259
303
27
531
6219
56
380
61
69
40
22
29
86
284
1423
182
136
19
726
34
36
56
489
1104
179
808
1568
16
26
115
13
48
365
345
31
128
405
637
16
48
18
53
27
44
26
23
226
52
56
76
42
152
360
56358
158
12349
292
870
22
19
19
51
167
503
62
83
202
257
1349
3528
1344
116
373
310
43
800
79
31
402
580
33
222
343
2572
80
17466
3269
9331
19
3040
45
829
760
6
526
49
67
334
71
19
258
834
84
216
111
114
216
19
14415
34
32
28
10
43920
51
46
1048
26
164
3488
39
12
91
37
27
4550
11
136
12
57
39
20
19152
9516
1738
29
76
64
580
38
46
104
57
433
62
131
134
21
9
696
63
451
856
44
75
33
196
126765
24
74
4046
728
223
35
495
22
228
18
25
55
59
29
30
66
35
34
21
34
61
16
20
17
18
29
22
369
24
16
68
15
29
53
83
60
624
272
816
126
239
4212
316
43
115
560
19
23
210
30
50
44
308
718
117
13
22
63
392
95
20
38
49
148
38
56
156
44
273
63
301
15
28
216
41
193
91
152
1828
328
83
44
934
12
44
70
39
76
289
9807
11
12
54
38
9
310
32
95
246
36
590
71
50
36
386
114
17996
168
89
1239
73
96
297
156
4876
38
48
1028
39
31
91
7892
13260
22
47
36
44
1402
9
76
19
266
156
68
194
36
13
91
312
76
41
61
59
630
35
860
70
888
200
46
122
168
699
155
188
154
175
233
142
116
218
143
188
115
243
284
35
90
69
289
104
558
6058
291
38
66
115
1596
4202
195293
9831
25805
3938
4222
19
4536
616
474
298
226
73
248
175
304
31
144
40
21
29
46
41
23
74
27
30
638
770
54
30
31
216
244
10
57
30
50
23
354
873
41
515
45
240
34
47
1248
53
32
16
411
391
7040
82
754
217096
151
9868
566
155
1112
2378
1651
160
86
1084
229
24315
419
116
91
210
486
9744
1812
361
12
1432
21
1810
21
53
2808
2850
2147
65
13
86
6888
37
15
181
4668
41
1740
24
24546
31
104
1652
85
293
37
72
1290
108
23135
131
833
73
71
28
91
75
77
336
33264
88
525
13
177
292
250
73
543
624
126
40
44
228
80
4197
6932
57
33
10
29
39
146
81
21
562
1884
61
290
465
154
167
165
656
724
60
12612
1068
1423
1662
22
551
46
16
568
42
17
114
4152
133
31
85
308
158
315
1052
318
302
502
3265
414
35
736
107
398
2751
85
948
78
28
798
72
61
25
262
24
79
80450
4332
952
491844
178
15
1565
99
453
50
18
164
50
324
159
2355
50
1189
31
242
354
15
145
387
1100
81
150
189
1212
9
10
1086
23
17
60
58
579
17
428
240
714
1425
852
395
19480
12466
103
796
172
4697
24
41
249
79
31
26
18515
41720
162
43838
818
40
1038
126
114
588
187
24
28
28
317
1680
2116
12
63
226
106
84
94
768
136
127
51
6220
114
1950
325
3192
342
156
346
81
1890
36
63
106
102
205
122
278
102
4128
4725
41
155
1422
70
20
91
136
87
111
1774
98
765
1020
93
88
207
13
722
25
1296
117
159
40
65
23
42
252
26
134
68
19
6395
12
156
1014
1011
56
22
40
29
2095
33
77
18
115
87
154
153
262
235
48
1977
29
29
167
32
40
84
870
24
4064
569
6
279
41
261
126
25
154
17
320
14
79
163
17280
98
85
37
389
825
28
28
4716
88
32
576
2489
61
85
64
30
177
8
262
43
249
320
86
46
50
4435
15285
196
15
22
188
210
84
108
62
134
64
98
213
7
421
1056
26
57
50
1250
28
1488
37
68
186
68
78
13
15
7
2565
2566
2565
5912
8
11
8
9
8
9
8
8
15
58
19
1169
29
29
704
21
458
35
58
40
318
1874
47
64
47
308
294
107
1755
3357
97
26
66
25689
699
723
317
122
55
26
37
24
33
91
14
242
27
1970
19
21
461
204
118
24
1932
181
387
26904
210
72
298
45
177
81
23
13
844
2286
174
17874
30390
624
11616
14
60
221
228
49
37
404
50
1266
393
122
37
5670
106
85
441
21
334
56
25
18
87
41
191
49
44
439
134
31
47
480
884
216
36
78
39
105
1365
25
23
1264
82
246
20
1290
15
177
24
72
53
678
94
56
48
159
46
6870
16830
35
36
741
39
948
40
398
45
180
733
48
26
77
110
145
27
36
114
27
35
238
298
526
21
6690
61
126
144
4095
4396
744
13
604
106
34
32
84
20
47
60
22
17
29
102
26
270
266
96
87
22
94
468
120
120
131
218
28004
77
100
324
4622
37
134
35
64
12
29
141
27
456
15
23
18
12
50
388
28
45
158
659
8
124
26
113
219
14
38
260
333
14700
382
108
47
3570
216
138
507760
12
130
27
132
83
127
43
142
69
385
102
53
45
2522
55
70
338
38
250
262
378
13
36
9969
79
915
2668
1737
6524
5225
2097
815
234
6612
466
14360
882
876
3135
196
914
900
20
27
46
113
151
43
56
60
46
99
86
108
189
52
94
2691
13044
7960
31248
5430
30
12
2622
122
1760
85
15048
1835
79
30
109
48
22
125
4782
782
446
892
365
11180
137
13600
57
549
161
411
117
698
35
13
178
28
344
2314
272
587
98
820
9945
91
23
114
56
4089
70
62
38
804
22
35
40
255
77
36
58
22
46
588
30
320
183
196
51
40
1965
45
203
113
1164
11
52
9
84
72
188
139
48
18
23
192
86
10
27
129
318
304
26
71
60
384
33
1650
107
24
54
76
50
52
192
48
41
49
45
158
39
209309
398
865
38
147
40
65
38
1255
3192
343
213
76
10592
316
310
98
58
1708
30
136
752
38
249
30
21
21
585
156
17
27
214
785
228
502
274
352
456
272
622
614
14
43
38
101
1954
1151
67
84
88
317
5415
206
488
901
55
8080
19
13
29
42
132
214320
2832
718
248
93
290
19
3990
809
4239
1540
122
19195
394
164
39
2005
121
153
94
6378
192
60
9
101
455
744
1508
579
265
19
74
89
566
1028
96
102
117
753
6714
299
168
976
69
122
62
1132
1073
12
220
25
13
298
74
107
54
424
622
1953
54
1442
8
867
22
13
203
10100
218
119
11036
231
110
28397
187
0
63
1210
30
30
4072
18
16
13
64
18
397
2455
1866
11
3930
3550
4235
12154
43
63
381976
1974
58
249
348
48
37
53
1310
52
392
18912
185
2424
48084
5
78
64
170
794
784
19240
37
124
49
213
614
32
796
58
1920
1030
559
18
110
430
76
385
527
11277
994
818
226
27
2310
80
104
2247
54852
50
5007
87
326
329
203
66
26
2814
1856
101
126
112
864
1760
99
294
106
54
1176
558
4114
39
2082
32
416
11
1248
304
58
16
728
405
94
603
18
3333
894
365
2306
19
1272
306
13
5616
6852
6440
391
29
38
32
70
19
79
31
133
177
85
360
103
29
140
45
130
4333
53
227
52
137
49
712
7626
22
76
61
21610
36
227
98
15
37
144
45
44
228
9546
44
158
1848
18
13865
82
15
149
176
1425
79
1452
162
26
109
5728
640
447
935
176
87
109
603
417
67
449
66
83
22576
3523
298
624
41
58
24860
168
49
736
59
99
33
114
861
196
91
33762
175
10
47
45
537
77004
27
857
19
68
21
1212
1219
48
624
184
104
75
29
30800
628
83
313
30
28
228
25
312
64
199
81
15
27
544
184
67
113
103
75
627
152
198
22
147
17
440
17
15
19
14
13
17
32
21
52
14
12
20
11
10
46
38
18
19
192
318
652
23
1761
4464
3104
121
414
582
23
74412
74
372
702
690
60
392
1466
3675
3345
78
394
851
276
17488
7776
7500
18
56
102
379
1472
471
238
4596
312
140
204
180
320
1425
163
400
268
135
104
315
184
320
172
260
228
132
456
176
102
112
108
100
100
54
288
460
153
184
280
360
212
284
212
196
220
410
300
416
201
24
24
36
212
126
715
314
224
196
280
126
560
276
132
138
115
3920
2184
47
34
233
2288
2082
38
546
128
376
38
17
1080
250
76
3460
60
38
219
47
100
269
1210
327
28
6335
2265
495
1376
458
247
94
46
2742
103
105
71
174
32
125
18
23
11464
24
855
2720
3012
1294
77
1545
189
14
28
69
14
34
118
102
365
90
7506
81
44960
14
5174
4620
10368
630
22
816
436
82
33
231
5085
90
112
94
4971
28
140
101
1580
167
72
5358
68
114
230
16191
1614
47
132
5010
1828
1859
1500
740
2465
487
1252
379
879
22
11
128
35744
57
79
101
169
4466
301
154
749
234
621
71
6474
270
107
132
825
113
409
80
1228
1208
119
212
414
148
28
266
1375
833
81
1584
185
5586
173
83
32
432
25
748
3060
656
52
106
160
211
262
1824
1050
2160
994
87
696
333
912
294
1947
626
6068
1729
1172
932
35
143
87
51
3619
246
7940
4020
1464
420
71
44
58
72
1918
170
555
439
262
273
127
144
25571
25
1186
138
435
355
7077
410
79
8
798
56
333
2273
12
259
358
730
8265
1166
7136
721
8044
6090
46
1278
332
2055
172
118
2163
23
3080
57
14
201348
181
85
645
1032
155
4690
1500
8064
2755
314
5106
142
753
126
12964
110
29
49
201
72
1624
412
876
20
2208
27
296
160
1029
2529
127
616
814
27540
685
584
162
735
85
62
132
458
221
765
1104
111
369
298
1734
33
50
11
16
145
330
154
91
35
633
195729
15
2510
20
24
23
19
42
154
424
44
207
108
154
4656
225
56
284
60
92
26
56
91
112
59
516
21
96
68
720
92
43
47
230
25
26
86
48
45
51
118
16
64
57
39
21
48
56
39
64
68
32
50
153
8
48
38
544
181
68
298
287
324
122
310
250
46
84
357
69
1716
254
740
37
665
20
136
756
410
32
1296
5232
112
3200
4482
1338
12
94
457
37
331
2694
65
300
4710
14
79
66
78
14
39
588
60
46631
74
667
189
22
126
33
1490
127
2268
214
73
18216
28
103
51000
48
18792
318
161
179
50
183
106
14
50
17
512
780
17
164
25
19
7212
47
78
418
1308
8415
1338
448
31320
239
732
277
120
321
390
32
1488
17
13
2306
112
45
19190
34
4764
99
135
175
72
326
76
1500
14
12
22
25488
24
153
29
4992
122
61
80
148
124
70
13
125
123
7084
3534
587
9
36
381
46
591
237
15128
92
222
3012
1875
498
580
365
94
3974
8212
13050
10820
1539
216
864
66
72
12
7833
1490
4780
150
1000
6744
24
20
120
428
304
93
528
200
135
233
6756
238
47
52178
47203
49
7
231
983
84
36
50
132
114
24680
69
19
35
2148
343
69
120
52
44
74
74
103
224
79
34
142
126
78
63
819
96
95
668
189
43
126
423
1124
1383
67
94
200
2496
2502
284
40
276
2322
578
312
10616
9440
57
34
99
4230
159
29
1484
2105
685
132
85
38
629
22
43
103
61
480
40
1230
95
209
100
303
546
1246
2046
141
115
53
111
1872
138
193
4230
3508
123
240
14
10912
127
84
143
254
628
106
241
244
34
875
590
485
618
107
216
51
561
33
184
55
12334
23
193
98
259
62
2595
42
174
220
21
666
31
30
157
604
119
128
818
368
34
11780
28
28
2820
224
60
7770
8046
1522
666
54
176
153
27
456
732
101
184
30
29
744
135
72
48
83
62
141
32
29
26
68
226
1416
3234
93
112
17
1609
83
5490
83
261
552
428
14
20
140
325
423
331
60
175
9
147
164
462
63
49
61
36
71
132
75
72
111
42
81
90
75
48
108
42
171
42
81
51
45
48
60
63
87
65
123
42
51
72
75
63
171
300
51
135
90
84
99
42
45
90
150
573
78
150
42
99
72
48
42
39
39
93
45
264
42
20
102
42
45
54
54
5
66
117
46
42
132
39
120
78
39
48
117
171
42
54
108
69
63
42
57
126
126
177
108
420
243
867
81
132
294
66
216
108
51
159
105
102
42
60
96
144
69
378
108
48
60
123
39
117
112
16
93
20
31
96
111
60
75
72
72
54
48
63
45
66
51
48
96
48
96
423
57
66
48
48
75
156
51
54
123
213
42
42
84
38
144
192
75
153
39
86
103
156
57
48
75
282
45
62
60
42
42
42
42
144
42
51
30
51
39
39
45
36
102
45
51
45
135
63
63
51
168
372
48
99
48
48
108
69
69
63
450
72
88
66
51
81
63
69
42
72
45
54
42
90
108
42
57
42
126
72
69
90
87
45
60
48
69
48
114
51
57
309
108
60
42
54
57
48
57
201
51
42
45
102
63
69
42
279
219
93
69
102
81
111
63
78
57
42
42
60
99
147
177
96
66
72
222
48
63
57
54
126
195
48
99
60
42
244
51
126
78
45
197
84
160
42
48
48
48
395
49
82
205
258
136
865
988
34
99
102
111
96
206
446
614
21582
67
128
50
54
39
1228
70
7682
4262
72
2246
61
260
261
67
152
116
511
267
1281
183
54
34
213
392
314
79
70
30
43
29
61
32
61
75
107
468
455
432
32
75
29
187
43
63
98
26
1344
723
66
289
159
16
670
102
857
27
39
435
90
23
163
3208
292
1175
232
23
73
58
163
320
958
133
45
49
106
695
41
100
67185
538
4692
850
738
452
74
3413
150
27
479
13
104
49
765
187
111
96
25
13
169
48
31
566
157
29953
46
53
385
144
37
78
146
3730
22
452
56
194
48
1980
25
24
183
64
95
60
51
376
800
268
441
149
161
484
313
1168
532
84
11
37
70
698
2345
480
5187
122012
661
60
78
2401
724
3248
58
11
16
17
14
13
47
1773
35
106
702
24
880
3996
423
328
282
887
32
1035
3800
4437
24
465
17
8
16
16
13416
195
375
20
36
30
37
197287
186
33
451
48
209
5874
27
19
16
86
3206
94
92
68
31
21
87
53
81
525
315
76
69
110
39
2450
29
781
29
128
191
1524
43
64
33
61
283
256
54
23
1011
158
3655
3250
473
91
56
52
13
52
38
22616
56
1012
24
15
33
84
765
7572
31
50
19
269
18210
1320
1400
1511
801
23
1292
44
31
75
34
42
78
90
248
8
260
11536
141
190
4032
20
62
220
111
1353
44
102
110
70
128
667
43
68
174
91
241
50
82
183
27
2808
1110
4825
879
105
20
76
378
143
26
88
208
346
81
2394
339
35936
69
464
452
462
835
127
56
36
74
17
20
343
24618
792
654
186
18
66
19
40
29
132
19
16
13
77
58
12
158
324
258
568
114
15
28
49
38
30
80
320
85
152
97
55
158
990
690
23
26
110
174
318
1160
157
239
46
490
260
72
6548
29
45
8550
2004
164
27
28
536
11
480
9
210
255
126
53
38
8
3241
460
2694
59
19
16
36
192
23
520
67
14
72254
880
66
7072
98
39
114
148
102
11
88
18
3909
1019
2295
134
14
82
24
128
52
15384
53
105
41
95
1686
33
42
15
12
61
54
22
10
1764
122
48
208
22
40
50
187
129
128
601
14
9
957
37
624
172
271
844
32
107
223
32
164
636
167
68
32
18
1109
23
1024
40
509
221
340
1036
789
18
97
152
20
137
34
44
61
8400
1464
80
344
401
294
43
5236
495
22752
54
83
534
42
206
444
182
54
182
118
130
2700
114
111
354
132
117
328
15
456
34
104
29
127
56
1800
276
234
693
36
19
1208
29
160
35
834
1054
120
6500
86
998
38
23
678
41
29
71
54
21
772
259
9
1042
46
170
62
192
1424
37
36
72
108
22
102
137
6
2392
199
29
25
80
2692
44
161
1010
59
25
928
415
15708
3978
848
67
29
90
360
19
159
219
2136
116
54
46
972
43
71
91
54
14
17
508
66
164
308
150
707
3100
542
356
238
166
204
4467
542
69
13
48
23
3129
53
718
207
580
71
14
562
86
369
2514
1942
18
91
252
326
111
243846
189
998
122
70
692
688
129
1518
101
93
188
2462
569
323
13
32
506
1290
202
1218
71
236
204
57736
2294
354
54
988
60
454
56
62
50
302
446
1300
447
56
51
13
42
2430
4810
449
1042
63
250
807
181
750
146
226
82
286
2958
36
900
1774
238
258
14
140
8352
462
805
522
14
61
95
46
235
26
46
150
120
285
190
608
494
3788
95
26
63
75
32
54
3944
656
161
411
249
358
235
96
2005
281
234
196
40
118
89
26
45
27
72
500
44
10
36
2325
39
3924
770
41
5543
107
462
20
318
674
39
17
131
25
77
28
8
9
288
1235
19
78
59
37
59
442
30
1071
19
148
1325
1324
340
260
34
2534
1614
289
1166
296
1644
116
402
806
57
978
26
80
137
22
11
426
764
92
44
124
40
271
192
166
28
153
663
6837
86
34
9814
8162
94
766
154
34
117
25
43
19528
482
190
496
1055
67
50
72
3990
70
184
134
93
47
15
39
2492
66
96
80
143
17560
225
22
5139
144
74
262
928
58
252
1179
14
2086
110
94
181
66
140
26
54
34
235
53
71
256
57
24822
6
815
696
945
2038
928
1037
273
1483
2715
1043
1192
898
2572
1951
753
961
2231
368
968
1322
361
681
680
796
1052
462
337
773
2205
980
826
899
297
809
1081
857
450
470
852
1052
1146
2199
930
909
1848
2013
2464
1013
1945
429
948
975
3744
2470
463
717
961
945
2562
592
994
951
25664
14
43
378
122
20
222
288332
394812
3056
3892
171705
5492
39
104
25
11661
4842
2541
252155
2752
151328
16555
118581
23
165
3855
2890
19488
3870
170
360
75
10080
5688
1326
15
72
429
181
1966
334
173
238
33
20
245
42
143
156
11
43
20
314
314
305
143
207
20
26
17
20
40
29
71
1047
118
212
13
145
261
40
20
150
2490
88
133
295
113
50
107
131
51430
247
176
712
654
48
1050
702
5871
23
80
180
146
34
1172
984
16
110
198
46
89
405
65
630
915
250
432
2697
66
104
136
82
33
458
670
115
11
165
102
239
56
246
137
12570
279
281
202
32
59
5010
2076
24
10
24
662
136
243306
891
6570
145
193
147
590
286
92
116
74124
100
8
506
131
1842
1287
128
19
23
4374
148
83
32
253
788
1212
2232
1753
428
312
302
58748
992
169
2588
155
398
129
52
2028
36
250
1261
160
56
66
22
3048
116
57
777
3692
264
260
36
380
19
2188
23
18
96
22
20
21
104
106
262
49
282
25
6804
56
174
1299
226
31
659
60
334
45
600
276
6180
62
206
240
69
52
305
392
3429
88
70
138
112
30
1390
62
3040
51
188
19
12552
1392
626
41
37
176
6
13
6
56
6
36
6
27
6
72
6
16
6
175
6
36
6
135
6
10
6
10
6
135
6
72
6
20
6
55
6
205
6
165
6
17
6
143
6
27
6
16
6
43
6
155
6
208
6
27
6
20
6
119
40
574
6
115
6
242
6
101
6
96
6
32
34
177
6
24
6
24
6
231
6
19
6
31
6
53
6
29
6
177
6
13
6
99
6
91
6
35
6
144
6
97
6
158
6
98
6
205
6
10
6
9
6
151
6
138
6
55
6
94
6
164
6
298
6
51
6
162
6
28
6
23
6
114
6
158
23
164
6
50
6
98
6
159
58
524
6
157
6
166
6
147
6
157
6
109
34
158
6
32
6
20
21
165
6
35
6
65
6
99
6
51
6
162
6
117
6
26
6
11
6
152
6
129
19
133
6
15
6
159
6
74
6
15
6
155
6
13
6
117
6
164
30
162
6
100
6
84
6
13
6
39
6
124
6
156
6
11
6
114
6
11
6
27
6
20
6
34
6
10
6
30
6
21
6
154
6
153
6
88
6
62
6
13
6
18
6
118
6
125
6
83
6
122
6
145
6
13
6
44
6
13
6
161
6
73
6
109
21
158
6
126
6
26
6
164
6
10
6
107
6
12
6
136
6
10
6
164
6
45
45
319
6
150
6
163
6
78
6
10
6
20
6
33
6
8
6
9
6
114
6
152
21
159
6
9
6
160
6
346
6
12
27
166
6
19
6
135
6
138
6
12
6
150
6
14
6
26
6
32
6
9
6
166
6
11
6
32
27
165
25
163
6
44
6
65
6
9
6
154
6
57
6
17
6
10
6
70
6
28
6
13
21
165
6
307
6
29
6
47
6
19
6
9
6
113
6
56
6
9
6
83
6
9
6
14
6
135
6
41
6
13
6
156
6
9
6
78
6
199
35
177
6
38
6
15
6
249
6
252
6
630
6
26
6
469
6
181
6
519
6
583
6
203
6
9
6
345
6
989
6
1748
6
10
6
847
6
252
6
390
6
888
6
946
6
28
6
780
623
2266
6
780
6
989
6
886
6
618
6
397
29
913
6
16
6
10
320
0
6
20
6
346
6
807
6
26
6
844
6
303
6
39
6
11
6
527
6
541
6
418
6
645
6
202
6
833
6
29
6
432
6
436
6
674
6
896
6
824
6
75
6
706
6
15
6
787
6
296
6
721
6
308
6
12
6
12
6
120
6
16
6
778
6
747
6
631
6
10
6
413
6
293
6
45
6
210
6
648
6
20
6
916
6
870
6
375
399
927
6
776
6
986
6
20
6
112
6
749
6
851
6
124
6
1898
6
830
6
947
6
184
6
10
6
333
6
284
6
751
0
867
6
855
6
2936
6
27
6
9
6
987
6
12
6
407
6
177
6
412
6
642
6
22
6
9
6
985
6
12
6
916
0
964
6
33
6
300
6
248
6
427
6
194
6
944
6
1158
6
60
6
15
6
41
6
51
6
142
6
9
6
73
6
11
6
15
6
11
6
25
6
11
6
11
6
18
6
79
6
72
6
10
6
19
6
12
6
10
6
37
6
45
6
24
6
44
6
118
6
12
6
30
6
11
6
150
6
41
6
42
6
186
6
56
6
11
6
232
6
11
6
17
6
10
6
36
6
9
6
186
6
13
61
440
6
150
6
230
6
37
6
9
6
18
6
16
6
9
6
9
6
50
6
139
6
135
6
10
6
212
6
141
6
9
6
10
30
229
6
15
6
56
6
55
6
10
6
83
6
10
6
9
6
30
6
10
6
239
6
10
6
18
6
217
6
189
6
29
6
24
6
9
6
155
6
14
6
15
6
12
6
15
6
10
6
10
18
223
6
233
6
18
1010
64
30465
11
102
42
326
9498
177
764
42
96
189
95
304
21
257
160
48
59
400
59
19
360
441
554
31
608
1766
35
473
110
71
136
98
1364
66
71136
36
27
31
36
116
59
39
72
65
81
1214
29
40
41
65
220
210
1566
852
711
63
45
178
2048
30
81
56
24
14
81
870
54
4557
969
101
2168
422
270
1100
56
108
19
272
57
219
161
17
8
176
107
76
21
11
27
135
210
5592
714
584
1878
97
106
220
8685
303
22
64
14157
1560
52
42
61
714
153
40
62
194
176
120
77
48
213
38
21
18
230
17
288
510
124
855
26
65
43
31
56
24
23
25
16
18
13
25
84
1356
104
25
360
42
45
16
34
27
16
19
29
35
69
43
11
25
127
528
26
45
216
27
273
31
15
18
24
32
27
109
21
11
126
19
146
20
45
834
26
336
244
22
28
524
81
26
51
21
33
48
43
32
64
76
18
17
52
22
31
16
21
29
13
140
24
40
15
13
3381
512
65
688
20
19
29
430
24
44
67
13
25
78
43
38
52
18
34
18
1590
1610
46
11650
85
2128
29
15
92
16
40
14
24
20
248
24
95
23
142
741
405
168
34
37
42
27
23
124
198
38
117
62
27
25
31
31
46
16
24
41
48
34
32
255
16
32
31
322
36
198
19
19
18
32
58
32
38
51
34
18
35
22
61
42
40
64
20
19
17
16
17
17
18
16
18
29
16
16
41
30
65
20
23
45
99
54
45420
350
126
1185
38
1745
132
707
27
22
31
32
31
15
37
50
258
195
20
69
186
29
16
82
22
29
23
85
258
53
16
41
826
12
130
25
201
314
26
32
44
24
20
58
68
38
27
52
128
2764
2240
1182
30
21
61
492
658
174
72
68
448
124
27
330
18
24
277
247
256
85
50
264
256
660
13
24
37
24
25
27
27
13
17
19
32
19
26
18
38
22
28
25
18
795
43
45
21
66
33
32
22
42
23
64
27
24
3040
376
342
118
25
47
16
40
17
26
35
31
93
52
76
227
74
59
20
16
44
380
61
23
378
492
220
1345
159
270
20
22
24
4752
112
508
264
45
6
32
31
101
39
133
181
56
33
23
26
56
23
31
36
40
22
71
23
53
6
37
41
13
32
21
168
14
101
34
19
25
95
22
49
13
16
16
12
25
46
66
18
29
25
44
924
634
496
980
2750
2200
117
158
158
29
16
41
17
369
127
24
1580
55
231
7
69
16
22
27
19
53
18
27
23
42
85
14
33
42
61
41
22
21
12
33
17
25
17
26
16
13
68
25
21
19
14
73
25
15
32
14
16
13
16
155
25
17
27
17
22
32
34
29
13
80
38
16
32
16
205
57
49
83
20
27
166
22
13
23
13
13
45
21
13
51
43
38
19
20
68
43
28
19
12
110
5400
42
36
22
19
317
44
25
56
72
49
485
252
47
42
19
23
138
264
18
909
276
71
260
382
1376
164
350
568
192
100
186
152
582
572
61
286
180
204
454
84
376
1558
165
126
1526
68
109
42
63
150
368
69
47
21
25
22
18
62
34
34
28
73
15
52
26
90
23
24
19
61
56
336
55
50
26
42
48
48
29
20
31
12
46
700
220
366
138
26
50
16
59
33
447
29
49
18
46
21
15
53
20
1688
110
50
15
144
58
20
19
33
81
49
28
22
40
44
82
324
26
31
12
17
45
26
22
34
34
14
17
16
19
18
23
16
27
43
12
36
17
16
14
19
13
23
27
2085
993
2112
1110
70
22
41
48
44
41
25
40
60
264
98
82
120
26
77
1636
243
108
204
18
104
346
30
27
29
23
27
19
14
3780
60
93
12
34
33
52
28
19
16
52
27
29
12
16
27
96
19
57
29
27
21
37
111
26
19
17
24
33
39
61
28
42
34
74
20
195
25
164
37
27
25
31
15
34
20
25
15
24
15
20
19
18
27
31
135
135
216
135
7
122
16
12
31
22
19
19
1215
111
22
28
37
25
30
14
64
22
14
25
46
49
24
20
32
30
18
56
21
44
20
37
32
523
128
46
472
21
23
31
272
16
904
19
47
27
106
14
54
93
81
133
56
67
111
93
102
84
33
85
66
375
960
146
177
35
31
39
28
32
28
56
15
38
25
618
123
37
16
13
36
62
26
24
9
50
23
69
17
18
18
15
131
124
3864
204
386
740
476
324
12
59
96
57
16
273
30
3315
17
486
18
28
24
21
21
33
292
13
55
44
24
77
15
20
21
14
12
222
20
25
18
21
21
25
76
32
33
45
34
33
82
25
44
21
57
117
39
19
20
30
22
34
17
18
51
24
46
13
17
62
27
312
156
294
66
217
22
72
38
21
36
40
42
150
174
82
418
642
159
15
122
45
500
1947
856
108
78
54
20
388
855
399
89
344
321
315
23
16
158
227
385
364
134
176
214
39
27
33
16
20
18
16
47
31
21
21
17
36
16
138
32
15
16
57
68
19
96
17
14
27
695
49
69
52
17
32
22
219
11
16
18
30
1140
561
957
39
21
69
238
96
2528
162
32
47
1372
50
102
52
448
234
504
130
1604
23
34
26
22
464
280
54
837
240
31
22
17
19852
11
13
17
15
300
1860
141
15
28
45
25
23
27
18
21
33
21
35
111
67
390
3028
43
135
100
64
282
1398
13
326
41
21
34
43
105
764
414
2505
2086
573
27
24
22
36
31
12
26
13
13
19
23
86
30
29
24
39
31
24
29
17
15
42
43
44
18
33
48
50
20
22
45
26
14
19
15
22
23
19
31
22
37
19
51
39
20
20
39
31
47
21
41
13
24
24
12
37
23
34
31
33
23
15
44
16
19
48
28
15
40
35
77
15
22
140
53
14
45
468
276
934
1436
246
76
17
24
198
516
1794
27
45
116
111
337
65
52
26
4416
401
69
24
9
24
238
405
1176
500
22
41
186
126
237
168
120
165
120
749
51
60
51
32
34
477
396
64
134
2766
624
600
320
182
754
240
154
102
71
1516
242
224
102
101
96
35
50
35
18
29
765
18243
30
1596
2250
667
144
600
389
29
37
792
409
404
60
780
240
14
24
35
29
72
16
27
31
21
23
32
19
24
44
276
61
30
84
33
26
78
35
24
41
14
26
16
20
424
47
1041
784
228
10040
318
236
384
164
492
384
1704
412
1126
25
270
220
776
588
102
50
168
1430
621
543
48
40
102
86
41
1250
570
210
905
471
1704
1068
2220
696
94
175
76
260
502
90
50
82
214
49
453
64
270
108
204
123
228
895
354
78
4530
570
2484
25
47
768
169
30
25
39
46
29
37
21
66
33
72
52
176
25
1332
86
30
318
217
171
384
513
1132
234
276
2760
4446
328
102
114
42
190
29
145
160
48
19
11
23
21
17
46
31
38
56
1146
44
27
25
25
35
10060
732
908
23
3995
18
350
591
62
56
3240
8307
74
380
1276
114
360
656
24
25
60
23
18
19
23
49
12
810
378
180
36
70
21
95
26
447
11232
212
47
1292
168
48
29
13
174
34
42
16
29
15
43
19
53
16
43
64
24
36
22
45
42
218
834
23
17
43
45
54
44
9
15
104
651
30
103
46
12
105
18
28
25
36
40
29
14
41
19
18
34
14
41
70
20
18
18
121
36
41
117
52
243
48
33
35
29
55
21
196
76
15
24
24
42
19
24
24
37
25
24
24
24
24
24
24
90
826
126
335
42
116
25
19
19
22
46
17
52
57
39
44
39
41
17
64
17
40
108
15
30
18
24
37
40
22
24
16
89
744
399
16
41
46
345
232
72
68
86
176
130
380
1644
60
74
201
198
43
164
46
116
2940
13
128
402
195
30
249
26
17
10
47
801
31
72
38
26
73
63
22
52
68
479
21
35
446
1320
534
2535
128
588
56
3997
94
120
70
58
435
1083
72
1604
40
810
49
30
101
27
29
112
12
35
38
810
25
15
23
30
22
21
15
24
50
25
17
22
41
23
27
27
58
18
13
16
16
1293
93
34
65
28
40
48
18
25
12
52
13
13
1164
23
26
700
274
42
921
618
666
600
428
3492
2488
508
1254
106
2640
63
1038
1054
4898
43
122
131
646
20
40
51
51
23
738
956
81
20
1734
224
309
897
385
405
962
115
289
155
319
3210
56
366
2254
83
253
1024
1468
197
266
32
9
58
860
63
120
94
164
250
154
486
53
97
2296
67
173
127
270
960
782
420
556
1994
718
780
219
3484
2560
112
19
29
29
36
33
55
41
28
51
49
26
27
55
26
1101
152
176
198
378
470
168
172
423
1467
19818
53
59
718
537
860
227
48
58
155
4706
40
66
81
53
32
668
52
82
40
152
128
438
514
38
219
14
34
505
2178
484
970
37
248
141
1120
232
236
13
78
4304
1178
60
138
64
380
310
400
2184
25
65
21
466
369
488
57
28
66
31
57
29
71
879
21
76
19
62
3660
315
300
26
13
41
31
11
30
15
40
15
22
12
12
13
57
15
190
30
13
15
21
18
19
21
11
180
23
74
35
36
34
32
854
264
24
198
110
41
19
25
19
26
50
83
27
37
20
286
122
23
16
499
88
24
29
17
58
21
33
40
32
34
26
15
47
31
77
169
16
30
12
260
238
24
10
106
3728
1690
786
672
570
144
219
140
14
565
12
17
22
18
32
12
24
33
18
23
13
318
220
166
430
21
84
20
170
142
23
36
50
12
47
134
54
34
14
16
19
17
19
92
32
13
15
67
88
70
53
20
24
32
79
26
38
11
414
28
22
142
201
70
28
14
26
30
13
43
106
36
13
14
13
19
25
19
14
30
20
24
15
45
31
39
33
31
38
17
24
13
15
15
11
91
17
174
99
324
228
305
219
326
30
62
23
54
20
312
122
102
2674
17
23
4653
260
24
24
31
31
168
834
18
49
322
17
13
45
34
46
103
38
206
25
27
86
388
200
19
33
29
34
60
44
44
63
26
24
138
36
60
492
150
420
27
94
11
30
140
121
25
73
47
25
29
30
29
46
27
107
39
25
30
26
23
28
21
22
19
80
28
30
93
40
16
41
103
23
39
19
26
19
16
142
300
19
539
220
699
46
32
51
58
705
45
26
29
77
18
32
24
28
27
45
84
34
29
62
51
35
25
40
15
62
65
17
30
54
38
21
39
65
56
49
33
21
34
78
30
35
33
26
19
16
16
32
57
21
24
47
28
19
393
58
79
34
38
38
372
40
73
40
248
32
22
549
180
500
300
240
15
26
195
16
74
594
72
144
952
666
23
75
284
1792
160
18
102
119
68
28
45
196
325
102
3580
31566
330
94
1276
75
205
896
35
15
70
547
48
25
36
23
22
20
17
27
23
35
31
91
33
14
148
17
52
19
20
442
36
14
61
11
63
34
65
16
79
39
36
45
21
23
39
16
26
106
13
19
35
21
27
49
29
61
93
31
26
171
19
28
68
17
28
28
32
22
22
26
38
22
14
22
71
32
14
12
30
60
15
23
55
58
10
14
24
19
12
105
24
58
51
73
219
32
39
112
27
21
17
28
14
15
49
20
21
63
102
12
133
50
399
99
30
25
22
18
12
22
24
22
45
44
94
34
22
29
28
51
27
51
17
63
159
61
333
117
114
41
32
49
31
27
27
110
29
30
14
18
35
126
230
154
122
1155
144
2040
472
639
1124
1364
21
17
22
852
73
565
228
210
69
160
21
17
138
31
63
73
97
95
12
23
13
26
210
86
158
20
204
27
28
41
37
107
12
29
30
37
29
392
236
156
114
2215
444
39
22
20
63
519
1424
88
345
1944
57
200
23
54
592
682
48
48
35
97
321
621
324
75
134
115
459
20
888
426
69
1464
112
92
84
97
176
111
284
200
102
90
38
46
65
26
386
686
91840
660
196
279
21
2748
15
258
27
24
51
40
132
49
53
29
29
27
48
51
47
21
36
59
138
31
69
61
21
24
13
166
90
11
137
28
38
84
43
27
104
188
66
68
750
261
19
107
53
279
796
13
29
28
35
26
43
105
19
67
28
23
22
59
23
47
138
42
29
22
30
45
40
38
33
94
41
88
36
10
378
76
21
50
29
42
76
1056
126
210
128
102
208
206
27
39
36
42
12
20
19
264
5052
131
26
21
1965
61
438
15
44
45
25
27
30
66
173
18
23
13
77
25
26
22
48
18
28
27
29
26
33
14
234
71
18
616
2451
27
50
244
262
236
400
195
232
15
262
18
69
26
17
405
1638
156
434
236
126
46
44
65
293
455
324
904
24
133
42
756
97
36
16
52
27
67
22
27
26
40
16
139
21
31
195
52
16
19
29
205
70
19
39
54
40
25
1509
28
22
69
26
45
53
21
24
70
165
34
17
19
14
29
25
51
21
50
29
30
23
20
18
24
187
61
23
21
14
100
21
27
15
201
30
316
30
42
98
34
4844
4164
19
1640
33
4320
1152
124
156
88
15
19
23
22
24
18
96
21
31
13
12
26
232
544
36
651
44
106
404
1236
3801
1322
102
48
54
219
128
14
22
344
1715
63
884
930
11310
396
936
1665
82
915
424
387
249
60
447
108
146
42
21
47
43
48
44
50
52
43
38
222
43
562
47
40
585
49
49
428
116
30
17
4824
31
64
17
23
118
28
83
14
176
31
32
11
28
32
124
153419
0
49
1285
60
54
92
1304
19
90
21
128
40
1128
508
22
22
16
19
26
21
235
60
30
104
124
104
575
37
951
1070
648
59
224
14
31
228
10
36
36
369
23
2586
298
35
58
35
29
28
21
17
29
16
19
57
43
64
324
182
264
9776
42
25
54
147
1510
1370
20
29
594
960
204
31
42
1005
30
34
13
60
41
46
66
276
4976
55
252
13
108
24
20
23
91
56
258
158
250
306
514
2349
34
352
206
468
350
302
247
150
37
3025
159
3120
38
972
31
105
49
16
470
43
22
21
222
506
18
49
24
4383
198
42
22
21
9
56
144
12
15
12
114
2366
184
186
226
548
23
56
162
96
68
58
34
120
19
86
316
200
26
66840
94503
862
4344
7701
22
59
33
56
114
111
876
954
36
16
460
78
30
14
27
19
398
105
164
22
32
26
24
16
22
22
24
22
20
28
16
27
13
19
21
14
24
136
19
2669
1568
21
17
17
22
61
20
29
20
23
30
42
52
16
19
62
176
69
50
55
534
86
57
23
25
59
14
86
55
46
16
2092
348
24
16
418
472
234
1595
213
43
30
16
26
26
1828
15
14
39
21
14
22
28
60
20
39
24
61
436
47
80
31
22
1680
184
24
220
27
1248
80
330
54
89
17
2622
12
17
15
14
21
33
17
11
14
31
13
24
32
15
52
1536
54
23
43
17
79
19
46
14
24
14
18
15
19
21
42
18
21
42
50
6306
52
22
31
149
24
43
77
33
89
27
55
22
54
32
32
56
53
38
47
96
37
25
34
31
21
39
25
33
19
20
22
26
31
30
253
29
42
24
17
20
21
22
60
43
17
20
65
47
31
19
29
26
21
22
29
18
16
33
42
38
17
59
35
31
33
33
24
30
25
45
21
26
28
23
37
44
36
24
32
47
24
35
36
37
38
38
50
24
162
23
34
26
21
31
36
22
42
21
25
38
94
23
28
48
29
51
23
37
39
22
32
54
22
54
33
31
47
16
17
20
28
17
23
51
31
16
12
16
19
44
44
53
18
28
49
33
19
81
15
22
17
24
18
16
22
15
19
21
403
39
105
53
383
28
18
47
36
31
61
19
31
13
49
17
25
32
41
23
63
23
16
17
194
33
53
32
31
42
22
16
19
988
312
102
106
114
560
1630
70
16
16
30
19
41
37
23
452
398
38
184
40
16
15
18
29
19
21
16
20
13
16
24
20
22
17
342
20
27
31
17
33
12
22
28
11
15
32
16
15
13
32
56
252
1505
406
14
18
16
44
18
3780
30
45
13
115
150
314
96
171
29
812
675
1868
106
16
672
2568
60
55
876
128
1310
195
87
540
36
15
7
36
16
25
57
1508
14
55
20
52
1552
107
1164
513
144
1905
600
339
58
72
233
31
166
160
118
233
23
25
64
258
411
524
3150
414
219
28
13
21
13
16
21
2308
1988
2136
268
30
12
27
112
32
29
25
368
128
504
1220
39
10
19
52
42
16
24
152
19
4296
3997
750
150
26
59
104
41
180
34
178
25
33
25
514
15
89
33
11
68
16
315
7185
17280
70
404
209
28
197
796
792
849
2220
36
208
32
2996
24
21
49
34
63
44
39
468
372
29
54
43
13
35
62
328
128
154
50
27
119
15
15
14
16
15
15
150
84
2700
980
1064
426
13
457
72
388
456
16
38
21
58
70
114
99
26
24
39
14
35
35
55
17
103
780
68
34
51
41
41
80
20
20
72
28
41
40
18
538
15
29
1800
11900
14
42
19
159
6725
241
126
630
531
1328
9504
153
124
228
117
240
141
932
2628
414
915
930
924
129
1206
426
645
129
99
176
162
220
573
1840
43
45
38
81
34
17
36
34
94
22
525
14
72
48
62
16
41
22
68
77
18
61
12
12
18
16
24
19
17
51
53
13
12
12
27
43
18
22
170
24
51
43
19
20
13
20
13
48
16
17
29
119
67
20
18
16
39
81
98
24
25
513
14
18
94
65
110
44
1527
41
40
9
87
33
44
31
21
28
81
376
15
42
106
29
27
192
76
31
69
71
4284
1412
90
69
1012
110
29
784
267
368
153
324
273
180
432
20
17
45
150
132
51
300
12540
104
49
625
1284
610
174
213
141
177
165
170
222
555
34
89
98
24
81
53
145
90
70
94
744
80
1220
106
138
90
1176
244
317
23170
114
236
2936
63
1551
208
4293
4629
1260
172
102
3328
126
160290
466
325
8559
116
168
1144
3870
10
101
1980
850
39
4218
5031
157
111
34
116
2234
781540
2436
24468
34
574
52
98
127
68
46
406
780
975
2025
337
1440
93
154
1466
26
210
16864
2418
1776
3822
4640
13
263
116
51
694
174
1332
475
151
62
1550
24
16
185
3672
33
21
435
45
93
106
83
65
80
50
58640
63096
66704
32
250
1005
136
44
75
113
6064
1118
77
79
34
49
19
23
112
39
127
74
132
197
15
513
526
1160
4536
5636
30
2960
804
60
56
824
79
69
150
96
27
289
51
26
101
98
138
33
29
319
21
434
36
96
320
23
120
111
116
814
363
2450
190
341
531
39
2004
2784
345
1308
149
22
83
61
280
23
175
36
348
101
186
64
767
21766
12460
28
21763
21
34
7224
31
418
145
259
31
44
66728
30
197
229
2700
18
228
22
24
19
16
26
21
231
360
123
273
1830
22
228
74
174
54
32
24
58
44
112
84
66
86
626
13
115
72
88
48
17
88
17
296
44
476
74
150
56
679
48
308
52
84
744
755
50
1044
1180
740
125
71
784
2522
508
37
76
3858
120
488
33
350
10
118
60
316
33
13
58
6420
71
1900
9564
134
46
169
228
38
40
204
40
21
23
5710
103
56
240
2517
53
1274
14
324
248
470
273
1467
43
187
104
41
123
148
3840
103
1107
202
290
100
98
23
105
123
32
87
122
1605
73
108
641
14703
90
123
880
784
137
112
25
166
427
1095
192
916
57
388
2074
59
490
80
15
87
138
151
506
35
15
1092
204
51
159
22
130
69
214
40
57
624
88
6530
31
2080
98
49
1364
271
9954
9
1056
122
412
241
19
130
23
11
370
22
489
311
122
70
2446
49
19
60
25
18
12573
365
78
347
78
62
18
144
123
31
16
15
18
16
14
537
815
20
470
19704
819
180
756
2217
29
69
144
402
77
4256
275
1024
1357
313
3910
1457
243
6180
3514
2824
1006
315
303
835
1185
102
4650
78
6048
84
100
88
3774
14076
668
6
108
79
170
337
87
202
2100
58
5
69
41
304
127
28
241
165
104
86
3487
378
50
21
1326
14
159
3072
68
11832
33
25
972
4511
16
136
156
80
31
966
156
106
47
71
243
48
150
46
26
59
227
38
34
142
53
49
188
108
44
165
110
385
63
202
144
21
38
98
2336
97
56
291
84
33
181
52
1382
158
25424
49
964
930
12
42
11
21
47
66
13
13
17
22
17
13
15
13
18
22
17
34
34
22
16
14
12
13
14
14
14
14
26
18
15
25
14
13
17
15
15
68
49
40
18
1604
485
99
38
16
141
1012
2006
192
2515
5166
120
37
3456
2522
59
141
430
29
622
89
138
247
1295
27
66
12
41
307
29
17
182
157
200
80
24
28
30
94
34
9400
267
165
1824
3066
2502
160
92
941
920
136
27
852
414
414
190
88
278
717
12
136
63
322
23
16
650
15
81
30
21
35
392
83
241
154
28
13
23235
297
2028
41
53
33
228
4489
140556
2036
4888
252
1940
6
64
35
48
12
20
13
43
1908
23
48
450
135
50
33
30
184
43
76
402
460
228
137
38
85
46
137
36
3912
29
252
59
51
236
386
57
310
653
99
42
60
49
40
25
31
3128
154
512
102
264
223
52
571
124
218
280
39
552
255
27
89
31
15
12
40
16
398
1946
875
69
354
366
32
452
71
142
64
15
130
64
751
118
11
26
190
298
30
262
18
840
22
41
780
5490
238
708
1227
912
429
19
12136
10
6610
9
9
33
9
204
37
42
147
197
441
154
51
16
61
45
86
29
22
43
189
164
201
274
220
39
53
400
151
2558
151
29
562
35
53
36
318
246
1507
55
124
40
28
133
8390
1377
55
71
431
88
101
16
49
29
2398
2212
102
1542
254
176
627
351
5384
6251
25384
135
126
80
862
29
254
308
53
71
726
10
194
143
43
15
193
366
31
426
25
558
58
24
360
193
22
1904
678
37
24
35
672
50
31
75
18
160
16
91
29
70
115
546
41
11
592
23
142
39
247
247
50
30
307
2163
7764
78
14
176
20
183
954
2615
2402
100
4832
53
164
40
171
92
346
92
6972
19
5814880
2954
15310
188
7992
688
74
46
15633
499
31
78
83
90
82
7460
82
281
94
59
5430
192
22
94
158
58
66
16
636
924
94
138
693
110
33
93
242
59
165
119
57
38
169
1022
65
615
115
182
256
16
41
138
55
280
22
7008
30
2603
494
7707
111
12010
64
36
17
158
20
127
22
48
340
31
83
74
12
21
34
40
108
34
40
393
104
63
447
54
24
458
1000
62
138
117
22
158
22
402
46
962
2862
1752
15
77
12
40
12
13
1116
51183
24676
14656
120
20
1946
110
478
236
45
34608
11
49
23
7
116
171
19
120
2313
44874
1154
20
17
40
684
832
520
89
33
342
34
453
362
484
196
1104
112
14
23
45
24
42
43
35
228
31
142
184
195
532
19
478
292
29
130
30
87
338
23
188
102
540
52
3901
99
92
12
11
31
10
375
89
42
46
948
67
78
29
27
5915
2320
456
2097
81
600
3270
17
36
2496
525
1041
1866
129
122
1249
196
966
100
7587
14085
111
916
28
23
47
362
27
176
131
37
21
1593
1650
363
15
253
834
36
2665
28
48
208
150
275
29
31
29
245
1008
299
19
80
19
17
45
20
18
66
46
14
14
18
66
2769
116886
37060
510
258
1419
22170
336
312
53
441
42
48
8
360
15
76
48
60
58
90
11
15
25
144
15
46
106
31
108
40
19
244714
50
37
32
98
35
172
55
233
25
933
126
148
2764
60
4482
115
42
92
347
50
71
42
742
76
3190
78
171
290
462
108
57
21
812
986
104
45
2520
3160
463
186
257
261
70
15
37
125
4080
686
23
114
63
59
73
45
110
156
77
14
28
183
105
70
66
399
7189
186
84
50
209
212
8146
33209
57
15
46
321
356
119
309
35
3125
64
27002
64
117
187
60
136
78
220
77
284
693
696
80
128
23
1480
660
804
64
998
513
2238
634
64
46
16623
28
188
396
801
99
745
15
281
186
51
1819
260
510
10
108
409
73
606
40
1968
3860
35
100
48
40
92
27
77
121
102
140
80
64
76
176
232
68
62
163
333
2790
5535
169
68
236
76
44
936
569
155
38
58
118
34
40
107
193
28
3484
1675
50
550
7740
25
10360
2295
220
292
258
47
286
2790
8022
426
97
14754
24
210
251
315
1032
29199
302
88
95
107
212
796
109
52
900
12512
33
378
75
5994
226
45
40
54
474
865
188
482
20
47
51
472
87
42
258
1872
79
36
27
784
2828
848
363
318
34
83
179
38
84
60
420
85
332
277
2326
173
359
15
31
285
56
25
80
22
93
21
22
39
236
5163
67
90
522
22
59915
126
560
752
42
76
106
197
113
51
201
1656
57
14265
15
776
282
250
17
37
10530
90244
82
374
2736
36
148
2800
10810
104
573
48
53
1670
735
128
104
690
62
1576
3477
783
14
39
6540
27
218
129
39
352
60
35
204
8617
156
61
7992
74
41
3535
544
896
5823
24
116
98
98
98
98
116
312
312
67
40
180
39
42834
26
62
31
198
574
78
40
1985
40
190
243
1592
2228
2075
89
570
79
174
72
228
32
1290
84
184
850
96
192
6450
37
936
705
26543
104
56
178
1080
42
342
58
1282
31
86
102
92
44
234
297
60
48
76
52
78
116
90
52
90
74
19
292
118
56
38
68
78
45
132
68
118
62
192
340
74
74
60
146
57
48
74
96
92
56
80
76
100
124
70
126
76
30
86
64
100
32
48
75
51
164
29
180
692
730
30
38
12285
55
44
288
270
25
78
2480
904
150
213
90
2396
1902
330
1396
56
40
28
44
21
286
178
20
57
371
48
104
51
31
37
48
91
21
136
46
37
32
90
27
76
21
37
36
164
48
238
98
85
49
71
85
98
37
30
53
31
10
20
42
110
144
73
23
35
23
97
30
26
36
54
42
77
283
30
47056
1387
90
2028
14
34
70
72
62
1371
77
1458
224
1116
112
25
416
2668
42
35
49
40
39
39
103
684
36762
820
1714
90
25
28
168
4251
162
2870
24
502
39
84
33
9
1086
1442
31
163
1716
153
52
5970
14560
22
133
187
32
49
400
54
15
22
82
120
246
3084
25
81
1356
37
22
100
121
7915
32
600
7
19
230
298
5550
7225
52620
620
164
28
2433
861
1638
275
544
745
332
1970
15786
3480
34
2275
1516
9
61
85
214
47048
261
7552
1490
32700
86
2814
1180
1148
13984
72
102
14
1791
3976
112
132
276
230
198
180
217
158
132
204
228
307
132
195
143
191
288
208
145
243
119
271
33
6660
653
1230
119
241
3618
201
2796
18513
224
1230
1101
975
283
33253
21180
8480
1264
3692
1562
46
40
76
9360
31507
3538
193
155
481
4488
109
954
39
39117
22815
69
44
13
23
28
14
224
201
116
270
29
2486
2865
417
7275
21511
36
3178
1620
1292
2106
363
3750
52
11545
78
4452
700
54
7329
85
31780
4290
72
765
2356
515
64
105
28560
416
1332
311
340
322
24942
476
499
102
150
16
8063
68
231
1071
77
314
1698
69
45
82
76
52
918
243
1704
246
924
511
1524
286
219
18
36
759
135
77
38
29
911
24
232
189
17
51
2616
445
97
438
1970
34
772
13
190
27
6951
36
24
166
565
16
80
75
210
66
87
10
28
108
18
102
4378
488
224
1467
48
23
34
184
18
400
292
336
385
2820
102
124
342
39
83
23194
15
552
65
18
480
117
140
127
2316
693
36
81
56538
735
304
14896
325
6
21
82
94
82
133
33
260
213
65
551
81
13
310
371
82
17
31
7553
72
28
23
42
42
53
894
96
36
44
59
384
567
12
172
22
2800
1948
114
392
683
54
80
158
93
279
240
29
99
35
266
16161
157
38
13
6395
9
204
1120
672
566
16
13398
416
250
1688
159
26
158
4781
339
456
39
292
20844
13
91
354
2514
321
220
94
72
299
65
41
111
102
154
88
13
205
3455
56
179
7
633
107
298
37
960
47
55
13
78
71
277
25
79
58
43
6368
110
297
76
25
396
27
60
127
155
46
65
30366
1372
142
227
402
33
27
192
952
24
316
24
22
20
40
27
78
1392
25
76
79
23
142
129
53
675
59
128
27
168
269
61
156
66
41
28
52
34
29
183
68
42
63
110
42
25
41
394
819
7
65
155
23
97
33
30
1409
27
47
498
33
26
354
38
398
15
14
167
814
80
81
4670
264
178
425
199
18
420
441
558
83
42
68
64
226
493
43
156
179
171
1232
452
115
14
25
74
1340
15
1652
35
39472
60
20
1018
2227
249
49
22
94
32
4851
232
116
25284
151
43
73
117
40
156
58
241
266
25
42585
347
23
55
56
15
19
77
96
248
98
1806
3598
41
774
168
33
442
336
63
7
53
447
78
56
45
769
288
137
15
98
82
218
30
70
692
82
314
399
3597
54
24
46
53
85
4136
166
128
356
269
171
68
64
444
18
104
79
58
15
18
18
20
25
45
468
246
68
11
62
32
73
10743
21
17
88
132
32
106
37
10
15
30
794
20
11
10
16
23
30
36
107
90
45
108
33
24
69
24
39
17
91
61
16
16
16
17
16
22
12
12
18
25
28
15
47
52
8
11
12
19
134
22
9
10
21
46
204
47
59
92
20
10
22
51
19
78
22
22
12
10
194
27
41
148
24
35
25
164
13
78
401841
142
0
413
656
924
381
119
244
406
41
219
576
121
201
49
137
312
1348
25
337
7562
110
1181
28
17816
7153
260
35
28
48
264
674
294
19584
19
22
116
214
70
51
45
18
88
21
72
10
104
19
186
228
39
11
60
43
259
146
38
38
1047
164
17
63778
3199
66
1672
94
822
564
16
4304
167
1056
532
9
9225
2185
14
30
1080
92
209
100
32
75
570
15
29
19
387
164
8176
708
63
634
88
387
76
30
30
274
38
74
166
291
15
118
152
17
57
66
30
430
398
19
80
484
1152
76
289
16
17
34
39
27
92
62
31
9
77
22
41
19
18
149
20
33
26
32
42
45
10
24
42
64
27
16
18
86
29
26
29
20
17
65
22
23
381
15
784
42282
23
80
265
8571
442
90
21
145
24
17
76
20
222
14
27
18
15
124
119
684
874
30
66
40
53
66
47
24
44
666
340
150
109
81
23
864
1108
1285
1755
36856
768
54
1492
107
474
8162
56
154
64
134
249
21
151
74
49
150
115
78
40
428
33
1012
121
216
13
29
24
10
37
43
29
18
53
45
154
2055
16
33
76
319
45
108
25
13
2646
54556
931
27
30
18
18
95
764
305
372
3915
4689
741
186
45
191
28
2430
384
7
24
88
114
240
53
1572
440
121
1083
2880
38
1383
15065
558
84
128
572
45
8
64
218
16
15
6520
268
90
250
336
95
491
319
468
1304
176
326
35
75
112
158
99
22
2923
11
37
69
12
122
14224
1180
53
14
34
2376
28624
80115
25
707
43
18
140
274
36
68
41
52
81
8
17
10
57
38
420
138
43
9056
416
24
1020
18
1122
22
462
119
49
11
93
9792
60
49
720
57
26
33
79
61
252
24
18
19
2341
5335
282
13
526
19
75
510
63
56
516
375
36
20
328
16
91
42
248
67
13
150
166
286
386
36
134
66
101
912
518
80
26
135
36
41
337
34
122
61
37
187
141
156
640
36
50
8584
30
20
724
1310
9
178
364
98
5049
510
12
138
2580
79
218
202
116
11
4648
291
10
252
62
208
159
20
44
68
38
91
19
399
60
1425
20952
49
2535
579
46
209
618
15
126
1362
14
302
11
39
33
750
47
21
129
574
182
474
48
165
10
38
23
324
3996
3920
105
72
49
29
285
508
183
42
65
21825
70
14712
1300
110
5761
27
68
15
25
18
11
449
31
1404
76
3528
23
47
41
27
27
7217
46
136
45
312
101
1372
31
33
10
211
23
34
252
40
48
92
120
28
40
76
112
52
274
85
54
65
261
114
87
351
25
94
64
740
498
21
12
876
24
98
39
540
130
436
207
15
42
120
47
82
102
26
17
74
102
34
242
336
96
206
31
60
30
786
88
101
53
481
575
164
335
362
28
1254
1179
99
33
202
130
23
41
30
62
5295
486
57
130
148
80
20
10409
20
198
51
9176
788
29
240
62
48
43
426
14
226
1509
62
27
1170
160
143
63
130
92
8
1278
636
82
25
515
21
1140
39
59
34
64
186
63
116
104
92
66
926
507
18
384
50
30
147
228
86
49
57
29
28
40
46
31
288
570
105
60
60
68
250
53
63
1336
28
70
94
56
84
177
321
262
62
110
13
27000
79
38
90
3002
16103
642
34
58
42
19
154
20
662
36043
670
81
176
52
64
1020
17
26
26
35
25
54
45
361
327
288
26
139
119
165
165
1208
23
49
65
3609
37
21
250
206
734
700
30
15
27
83
37
29
28
550
99
111
62
44
28
42
85
15
766
44
49
60
91
130
21
525
30
50
27
23
35
38
63
14
27
1430
27
29
26
31
80
8986
21
108
42
122
59
50
21
144
566
78
15
29
63
93
40
74
74
71
58
158
50
85
37
150
38
47
231
158
42
1174
80
124
19
18
393
45
112
164
82
1253
23
161
26
490
171
309
21
32
285
273
14
17
35
34
83
40
37
157
63
48
31
66
1316
69
51
58
42
573
40
37
47
66
141
43
13
156
304
318
83
150
25
40
51
109
74
14
2072
102
38
26
36
32
12
23
22
26
20
13
174
37
26
41
107
45
234
474
53
59
276
40
20
13
28
182
550
23
12
128
96
13
65
23
93
176
29
18
38
25
131
16
118
25
17
208
110
210
17
810
17
23
108
2169
25
30
99
1050
380
56
20
48
16
46
30
133
25
64
80
25
140
10
69
38
86
508
9
84
26
25
19
15
17
52
21
60
107
47
37
512
577
66
63
36
64
17
23
22
19
249
549
17
152
63
468
34
206
32
288
30
90
12
52
17
4617
34905
113
118
25
27
3000
33
27
34
60
129
65
224
372
2880
7098
966
8
48
25
137
109
28
22
1629
66
30
13
16
51
102
14
75
20
19
80
96
134
20
34
15
22
27
64
26
77
39
22
122
201
21
246
159
230
387
631
44
66
57
45
611
21
15
398
31
36
57
48
368
46
47
59
20
70
77
26
448
27
76
223
95
76
36
14
39
114
33
25
17
160
30
32576
34904
63
960
10
84
28616
150
3456
20
222
722
39
100
50
36
224
132
16
48
86
61
20
173
37
60
118
700
52
23
158
714
650
2644
298
41
43
277
250
217
2920
64
531
2271
163
257
104
20
5204
22
29
4917
1882
42
165
230
36
61
296
5356
711
340
166
2142
6456
25
10602
13
115
459
48
116
30600
145
348
604
171
39
12
35
17
148
51
194
272
18
2150
53
212
51
649
471
90
31
8613
12
264
104
70
164
10563
2168
226
114
1701
209
154
2571
910
64
74
201
1216
225
68
47
206
131
578
1116
4220
130
108
247
131
98
123
324
118
2032
5
124526
1803400
349
22941
207
246
298
140
29
2312
548
107
210195
35
474
186
232
796
8671
3710
788
1470
37640
261
32
1244
36
7203
10028
2962
275
7014
1773
100
394
15
1208
66
51
136
76
75
216
16
76
254
194
594
57
174
48
12162
603
2053
220
435
189
32
3843
3216
534
189
1368
648
250
7337
243
156
38
213
198
36
150
42
87
36
33
30
21
10
89
173
28
130
100
93
100
63
12
336
86
9
20
143
25
25
47
99
57
56
102
150
338
41
40
118
29
30
163
232
34
39
71
48
40
57
36
48
184
73
69
23
234
181
159
174
178
556
357
23
17
242
37
22
99
31
259
1786
217
10
147
208
57
2000
94
182
37010
3784
5180
45
5184
140
36
109
312
192
92
67
73
1198
328
830
53
13
255
720
318
139
43
3498
812
15
38
13
20
16
142
291
111
40
2448
4215
4365
39
420
10
40
642
63
4644
532
19
286
29
20
20
164
50
56
276
30
366
601
48
84
58
101
53
28
1796
43
79
12
96
13
90
462
82
333
42
43
174
129
45
399
63
90
163
40
147
312
120
33
443
136
25
204
1239
1960
38
24
1178
60
81
1512
434
422
112
19
26
44
1794
3507
24
312
262
22848
41
644
2214
1076
13416
19
170
278
65
17
58
235
496
6
5920
3543
114
4972
1308
17
39
159
878
125
666
369
31
17
349
3120
119
31
306
312
870
38
169
9180
1263
275
36
23
15
3250
27
182
15
24
116
244
30
9864
11856
37
52
49
31
51
723
834
17
63
17
22
185
24
26
23
20
59
27
84
177
309
355
6008
476
7284
1584
22
8519
29
52
204
149
13
38
18
120
39
33
186
68
28
30
7
246
29
31
168
153
307
82
1233
169
292
51
104
1027
76
169
62
446
90
75
59
10
70
3315
312
21
1082
81
123
39
46
225
64
437
742
93
19
8
26
266
17
38
24
127
25
4050
34
293
51
7950
527
112
138
559
22
326
258
85
138
78
12
2520
57
10890
77
63
170
98
73
132
4849
20
538
12
21
2023
133
56
274
109
4500
23
22
335
13
102
24
998
100
1313
231
106
412
5873
275
40
180
8742
221
72
19
47
168
295
156
61
80
76
390
112
241
166
460
377
60
398
136
28
80
348
286
45
65
33
1895
69
173
324
46
52
36
39
38
25
35
52
563
25
64310
41
348
53
24
61
30
167
153
34
119
207
18
27
36
210
15
130
78
42
35
73
133
21
34
357
78
50
30
17
22
69
246
49
45
42
84
185
129
103
22
53
333
29
46
28
46
181
117
79
32
37
25
18
27
74
602
157
900
29
142
50
21
296
21288
28952
160
351
56
498
54
17
24
289
25
129
137
16
270
382
324
209
904
5265
41
41
6915
110
32
61
17
253
186
12
450
15
2532
43
267
534
18
40
137
177
4287
108
68
134
960
122
430
39
1826
118
245
114855
6944
20
332
30
441
276
15
318
182
39
4288
612
83
100
9
57
154
230
628
23
59
1031
68
711
5299
22
3480
25
1240
1045
46
513
1340
34
524
122
1402
282
52
1750
43
116
573
67
16296
1212
11424
1521
126
25
729
86
22
190
53
872
133
48
1808
68
23
588
2391
421
273
50
2178
239
130
174
1290
2947
502
8
8
589
1419
412245
109
605
32
247
646
185
172
6202
205
126
568
55
143
70
247
87
41
270
150
1032
82
163
34
2320
18
63
41
132
96
35
568
73
191
46
211
256
86
184
731
64
223
602
10053
8640
17
25
4928
170
512
80
187
31
81
10
38
31
16
1008
11
50
9
1523
2250
765
2349
765
199
101
875
67
41
53
111
42
2020
12
22
206
7726
194
191
55
191
53
9780
173
1800
328
440
140
296
106
96
82
2676
414
234
156
80
98
270
306
78
164
161
181
507
114
21
20
660
360
82
79
20
33
48
32
539
55
1528
33
102
14
3101
24
31
5
298
54
66
568
24
137
43
3170
201
21
40
98
36
65
50
138
3756
18390
55
710
2976
294
316
264
104
93
47
12
29
15
11460
9
71
56
170
92
138
52
60
323
408
750
316
104
27
15
158
19
38
77
43
806
1852
44
15
231
43
1452
7
25
68
169
956
30
68
87
21
66
46
1850
1955
2400
122
15147
91
159
23912
382
362
23
54
234
54
12
524
12
146
51
46
81
63
78
10
134
441
24
28
98
43
2064
145
19
95
47
63
27
314
101
2115
334
450
3536
2310
652
9395
29
39
34
273
1696
2402
50
406
190
83
1138
1498
510
19
84
96
54
28
168
1194
18
421
346
22
55
82
606
928
27
973
102
652
261
31
3918
1804
541
22
86
232
10317
165
12
39
89
1206
43
26
113
48
495
83
2780
137
522
339
604
136
189
121
96
13
1754
308
482
254
184
69
195
45
106
1908
192
534
189
698
626
39
181
68
184
2760
4975
30
39
47
42
37
240
27
10
3880
1396
15
13
82
39
287
79
22916
55
34
94
288
280
150
45
177
38
113
1584
1857
56
588
15
12
1884
32
78
29175
448
10
59
197
78
50
1500
23
80
122
166
153
97
18
43
130
105
272
268
121
53
79
7266
30
19
288
46
543
3124
335
3297
128
484
1094
1034
268
155
30
6096
168
1400
1100
110
194
414
191
43
5110
44
1144
40
69
113
36
308
138
24
46
39
34244
34
572
169
20
27
26
51
210
23
58
573
14
165
14466
5382
61
546
456
454
768
157
9030
163
3807
304
228
73
132
417
3140
163
2919
595
81
141
100
40
37
30
102
283
56
9
79
283
257
440
3920
105
465
28
396
250
362
234
85
54
60
1332
22
9
258
40
28
292
1542
1121
268
26
34
213
192
282
190
290
51
182
37
644
304
131
220
498
106
79
28
2673
3216
92
36
411
15
398
288
130
29
87
31
76
91
363
890
1975
426
1575
43
97
38
1363
3286
2808
342
52
99
65
27
3933
90
346
5589
30
708
12745
390
50
1898
74
606
99
576
782
24
3122
2124
11
436
56
1215
11053
19
171
98
960
354
90
121
199
55
169
58
148
12
10
8
8
842
205
3468
66
1861
12
15095
73
346
41
38
498
82
47
1581
35
34
38
28
22
52
16
140
771
9
86
16
2784
13
110
82
46
584
92
204
393
17
41
20
180
12
26
72
92
47
26
75
36
12
130
47
18
68
32
102
30
81
327
3232
17
126
108
36
594
200
63
568
378
38
7040
15
19
181
10
46
267
3474
134
72
328
211
21
13
106
28
208
33
51
119
320
416
531
3154
458
23
120
19
1668
23
600
480
897
25
4916
431
1972
2697
69
76
20
290
62
23
65
204
304
36
360
100
407
112
39
55
138
10444
111
41489
36
121
63
73
438
42
109
50
141
1092
140
207
43
3244
2622
239
127
17
39
1862
368
1620
33
728
20364
116
151
70
49
472
23
82
106
1580
1615
1765
1770
318
312
312
323
324
141
142
154
157
148
149
105
112
90
58
58
58
58
29
47
35
54
147
13
159
106
140
137
108
108
42
42
42
42
122
129
147
66
111
221
222
241
242
283
126
51
312
111
29848
5766
8868
184
6280
1143
534
73
69
101
106
50
29
824
208
5190
1780
3988
165
228
352
368
24
554
526
1638
424
1236
8
8
15
2019
34
604
36
53
13
166
352
2316
331
756
26
48
54
39
50
24
1496
65
962
47
30
71
166
375
1318
141
146
474
20035
13
2044
21912
12036
89
46
286
812
142
48
30
14
4484
12
13
13
10
10
10
10
312
6
6
6
14
15
6
6
12
6
249
5222
35
4424
70
2620
33
18
42
20
308
616
73
679
47
316
686
252
33
47
152
78
83
522
108
5346
222
42
396
15590
95
332
129
113
41
559
375
88
118
6804
216
60
469
94
24
26
88
134
19
408
99
211
146
145
1044
287
432
133
143
15496
84
13
20
9
609
122
963
50
1320
50
37
56
19
12
490
267
1136
4435
9
9
310
32
2702
94
654
78
56
90
178
1508
504
195
512
384
1068
20
104
286
463
85
11430
982
162
78
158
16224
37
83
70
836
37
273
49
239
1138
192
105
6164
112
42
5535
170
474
30
2301
4623
501
176
120
66
23
3565
57
52
80
180
67
1497
41
86
489
201
4472
567
561
381
55
102
91
114
347
105
55
25
69
340
46
75
33
11
54
60
663
43
1278
21
19
11140
37
656
268
179
267
990
32
2520
2436
851
26
54
34
41
21
14
14
26
100
73
600
716
2010
4870
141
138
42
173
1470
2650
183
8340
169
753
142
156
88
27
3018
47
19
136
3334
167
257
134
44
59
147
160
60
137
44
108
1226
14
14
14
14
14
14
14
14
14
781
252
3216
164
29
23
140
57
86
74
58
47
106
624
120
3516
907
8296
144
0
12
2121
12
201888
34509
95150
569888
309750
6654
532
1812
138
10
62
336
1396
147
196
31
196
23
116
898
154
185
100
381
168
552
104
512
66
33
2505
217
36
344
120
31
221
47
51
133
172
383
4060
97
74
1180
114
19890
15
12
138
21
22
17
34
2548
19
553
2886
51
1414
56
1924
33
154
126
126
214
84
393
1274
75
370
384
62
50
23
21
60
64
114
2356
82
131
343
50
138
28
172
121
88
39
117
272
22
20
173
286
464
169
136
21
20
129
26
885
34
987
16
220
42
1572
20
21
23
92
2472
2742
466
619
42
164
636
14
2049
17
283
85
23
727
16
129
3452
19
533
20
256
57
79
56
203
261
67
16
209
128
980
2070
46
38
22
85
171
158
850
138
678
202
99
166
1135
26
27
65
158
18770
20889
748
1665
186
126
96
37
18
172
19
612
56
2486
820
71
26
8
11
12
10944
740
1032
79
1198
462
85
132
6246
1008
33
156
20
414
226
58
110
166
86
37
244
616
48
39
121
30
19
18
46
32
14
466
35
27
25
57
31
16
27
12
33
45
180
114
1368
20
31569
3708
73
43
92
869
2319
106
222
177
32
11
11
3744
256
164
9065
50
10
59
33
621
47
408
43
25
519
242
164
147
1473
16
31
66
64
128
236
89
48
66
145
79435
42
965
666
41
31
18
182
366
27
690
365
2040
590
69
165
177
242
7
62
30
30
48
36
37
38
41
40
37
37
37
44
36
42
41
44
39
41
45
46
40
38
40
52
40
39
47
36
40
36
42
40
39
45
38
46
38
40
63
38
38
37
40
43
38
42
41
35
272
948
76
505
51
143
24
10346
774
15
45
12
12
18
18
19
19
34
37
25
28
35
26
24
14
21
17
225
13
33
24
22
19
19
12
18
10
15
19
12
13
20
108
21
18
18
18
21
18
18
21
18
18
18
18
33
21
176
1287
112
22
23
32
76
12
30
27
20
60
17
126
130
28
17
14
13
1137
546
20
33
40
13
47
18
18
29
43
46
23
13
13
15
60
12
46
12
23
19
22
32
12
13
13
18
16
14
56
33
23
24
46
21
29
21
28
39
40
163
20
33
19
17
23
10
11
132
20
22
21
34
20
26
54
20
18
25
14
47
19
158
1410
34
168
49
15
63
52
10
108
39
277
181
51
14872
1506
44
674
55
46
139
307
675
106
939
31
35
180
44
195
276
283
256
142
159
94
2790
8472
724
49
5212
79
4304
70
280
2294
9
32
345
86
33
112
42
56
191
681
3880
1525
133
79
73
47
25
56
172
95
92
115
84
53
58
172
420
216
23
220
93
29
39
35
534
61
268
36
29
9
121
7535
13
170
26440
48
790
63
39920
3852
474
18
15
43
24
115
435
12
66
42
12
108
12
17
1440
32
88
148
43
92
80
26
18
43
40
2646
200
456
27
72
25
33
54
75
10
46
290
14
576
8
32
102
580
62
44
86
1266
318
696
48
498
33
61
205
2016
134
384
56
120
1755
85
27
260
441
156
273
31
520
564
227
226
8848
194
109
44
34
13
30498
26160
73
107
45
310
37
46
53
41
590
376
44
212
147
251
1350
156
66
210
90
47
83
3725
28
45
1031
37
440
182
38
16
47
56
4914
15
74
52
431
287
308
63
594
564
37
45
84
51
3834
3549
68
57
176
19
150
195
204
17
129
67
192
595
7626
135
23
35
19
44
38
139
74
10
183
41
24
44
449
84
35
3195
18
264
19
101
81
58
1250
324
37
287
408
83
439
1258
27
12
148
160
152
705
954
168
546
48
133
47
28
62
52
576
56
38
224
332
17
284
436
75
54
42
10
21
89
86
48
50
149
46
72
39
708
980
135
42
30
218
36
12837
974
5
28
144
156
1080
34
207
118
70
772
17
336
30
18
3666
14196
63
35
111
2925
1815
58
42
61
8
148
246
5754
5574
7014
55
42
48
3101
640
185
520
25
70
27
108
153
174
177
16
3475
26
88
46
37
47
38
18
89
612
31
27
20
1506
39
28
7
1252
7
1476
228
33
86
2235
24
66
336
30
87
104
85
62
36
331
236
39
40
44
58
32
99
111
89
246
55
38
62
43
54
1104
208
162
36
1642
786
278
102
1165
1117
20
1068
2760
77
140
40
85
1396
4385
2404
79
103
39
501
451
70
337
82
490
89
457
523
2044
75
29256
19
178
47
369
58
31
68
364
18
278
73
5905
59
14
285
65
128
166
363
416
19
125920
26
281
238308
187
44
139
23
1072
30
268
655
60
88
52902
81
20
33
214
321
57
139
2432
646
33
25104
85
152
420
495
22
24
73
276
22
5175
44
127
580
40
94
34
743
1962
72
67
219
53
43
13
43
62
29
194
60
2816
40
76554
1047
49
60
106
166
389
256
23
34
80
20
43
14647
2716
110
58
348
327
61
1088
237
298
38
174
564
27
228
135
20
69
72
8
186
199
74
27
32
17416
2382
140
17324
321
111
9
13
51
155
43
74
213
141
82
62
43
26
1560
133
153
24
786
212
16
28
21
2184
137
2556
43
20
52
2427
149
112
309
1524
574
5008
170
924
89
62568
56
165
62
640
106
252
30
20
24
483
52
57
4718
167
102
127
4174
74
45
276
322812
351
432
254
24
556
28
14
17
68
43
158
26
4610
119
64
51
64
4305
88
140
2478
140
492
35534
76
507
147
9
29
29
11
42
129
225
65
716
412
34857
16
720
2461
43
15
26660
11
20181
15
144
9
129
286
775
141
36
67
30
33
37
330
60242
2710
27
88968
65
248
247
2163
49
48
35
4145
96
408
21
70
15
41
72
47
34
33
47
82
156
234
21
64
25
21
42
40
40
44
24
88
25
28
338
17
114
26
42
30
208
48
195
37
55
47
40
50
26
130
25
62
64
44
36
49
32
36
29
28
32
23
16
28
100
28
46
45
40
44
61
19
22
122
1760
11
1860
89
18
13
1244
15
4329
20
74
1308
78
101
71
145
100
68
17
1108
1938
184
68
314
60
483
10
287
71
308
69
294
1086
50
1911
272
82
6912
10
89
1025
60
209
624
425
225
1540
1014
88215
123612
41
55
32
4032
12
26
77
20
34
717
148
409
84
166
349
31
31
66
31
28
26
30
35
29
32
31
35
23
32
29
28
31
30
31
75
25
31
29
25
29
25
638
615
42
19
46
98
134
244
79
8688
675
1527
7284
211
173
14864
257
17
525
34
43
44
118
358
4823
24
752
124
17
66
143
55
24
97
1128
355
1194
1307
11
56
150708
9
1982
453
26
38
1490
121
106
252
116
82
18
18
168
106
94
80
204
274
488
140
14
740
930
35
62
25
170
363
11
29
39
17
43
38
73
759
16
89
324
274
27
89
291
140
67
72
19
190
69
235
54
40
158
42
32
120
438
23
37
130
16
17530
22800
31675
122
233
10415
65
10416
12216
1331
53
47
78
52
108
235
18
111
51
103
64
430
97
93
64
44
101
72
132
109
75
5
51
81
37
125
61
172
75
72
117
332
101
1329
135
1371
69
74
412
128
668
181
55
78
100
740
86
131
265
91
42
80
156
83
170
924
798
4149
9657
42
65
73
17
556
316
107
265
554
554
16
13
62
294
1239
1620
2055
158
186
76
25
395
23
8
17
19
15
7
19
17
43
297
9
312
156
52
244
62
202
97
106
103
198
862
124
58
180
3940
4176
161
73
35
1442
117
28
332
1346
29
812
23076
74
1677
228
60
60
51
36
1455
46
119
125
41
60
40
65
25
1084
538
92
37
19
42
28
404
112
250
1334
1488
77
18
137
884
82
10
154
746
171
86
1076
17
1024
130
23
950
39
300
33
1004
28
279
1322
696
182
29
485
35
43
21
1902
2772
321
93
5586
290
103
82
22
1044
5500
648
54060
36
33
63
208
615
1280
32
1232
32
29
1188
570
44
222
127
28
19
1196
26
1442
71
48
1216
176
21910
31
2009
111
405
339
1730
148
117
1473
442
354
136
20
211
5322
618
633
83
47
187
43
35
206
1826
111
368
9906
124
239
89
29
43
52
14
914
51
274
10843
18
90
29
56
34
34
32
104
114
48
42
32
34
176
53
35
42
33
572
55
56
47
32
40
393
31
63
43
44
946
72
236
73
49
136
178
55
100
72
45
47
57
56
75
55
48
51
40
35
60
38
20
134
332
42
65
21
61
531
21
112
6734
107
83
29
36
98
74
27
575
1059
19
18
82
200
46
186
34
56
220
10
16
16
29
69
184
39
866
15
46
139
22
750
32
600
69
194
19
265
50
36
19
38
1125
486
25
26
13458
49
37
78
69
132
61
19
83
79
972
61
47
225
1496
118
129
2802
60
45
13
1692
650
20
1438
2355
202
194
32
9
105
730
234
19
17
21
10
1592
321
78
74
92
132
117
29
64
345
63
1288
453
92
13296
82
27
74
4445
5622
471
39
69
18
1056
43
289
94
69
120
168
53
981
124
106
117
1908
834
94
89
5180
37
30
76
31
30
62
30
45
19
38
119
680
65
36
882
61
22
59
94
279
30
2514
62
4702
229
133
26
171
43
96
422
53
43
45
37
310
41
38
45
120
33
2049
12660
6978
1118
71
1144
15
51
28
507
2772
91
52
80
40
33
57
50
109
42
31
276
54
48
180
534
30
806
1585
26
43
26316
718
1962
172650
12
2156
1215
148
20
214
948
55
47
607
108
186
241
278
41
580
305
532
342
672
390
399
110
129
59
50
156
55
11
2392
78
12
1603
340
183
73
36
398
523
143
5704
9
93
35
17
71
206
18
34
38
33
186
64
62
95
49
42
57
73
35
36
39
45
44
63
33
87
59
53
61
79
39
86
58
48
41
63
85
46
75
41
81
44
55
51
65
48
38
30
42
35
24
27
53
55
59
30
38
198
36
71
98
37
33
27
33
29
33
26
62
35
36
74
49
26
28
108
29
1090
371
30
88
332
38
31
34
34
40
81
38
74
44
48
40
40
41
35
33
28
81
69
186
63
45
94
42
46
29
38
64
241
35
47
51
380
51
50
46
223
4186
18
28
30
25
68
6715
2766
76
284
273
324
65
89
41
396
94
1315
562
93
289
109
783
115
